          0
          0
          0
          0
          0
          0
    -249781
    1012150
    5840755
   20747624
   53890635
  114346375
  209673314
  339306784
  494797130
  657147014
  800486271
  898805151
  928946899
  878806721
  746771315
  542375179
  285386772
          0
 -285386772
 -542375179
 -747021096
 -877794571
 -923106144
 -878057527
 -746595636
 -542800639
 -285123816
          0
  285123816
  542800639
  746595636
  878057527
  923106144
  877794571
  747021096
  542375179
  285386772
          0
 -285386772
 -542375179
 -747021096
 -877794571
 -923106144
 -878057527
 -746595636
 -542800639
 -285123816
          0
  285123816
  542800639
  746595636
  878057527
  923106144
  877794571
  747021096
  542375179
  285386772
          0
 -285386772
 -542375179
 -747021096
 -877794571
 -923106144
 -878057527
 -746595636
 -542800639
 -285123816
          0
  285123816
  542800639
  746595636
  878057527
  923106144
  877794571
  747021096
  542375179
  285386772
          0
 -285386772
 -542375179
 -747021096
 -877794571
 -923106144
 -878057527
 -746595636
 -542800639
 -285123816
          0
  285123816
  542800639
  746595636
  878057527
  923106144
  877794571
  747021096
  542375179
  285386772
          0
 -285386772
 -542375179
 -747021096
 -877794571
 -923106144
 -878057527
 -746595636
 -542800639
 -285123816
          0
  285123816
  542800639
  746595636
  878057527
  923106144
  877794571
  747021096
  542375179
  285386772
          0
 -285386772
 -542375179
 -747021096
 -877794571
 -923106144
 -878057527
 -746595636
 -542800639
 -285123816
          0
  285123816
  542800639
  746595636
  878057527
  923106144
  877794571
  747021096
  542375179
  285386772
          0
 -285386772
 -542375179
 -747021096
 -877794571
 -923106144
 -878057527
 -746595636
 -542800639
 -285123816
          0
  285123816
  542800639
  746595636
  878057527
  923106144
  877794571
  747021096
  542375179
  285386772
          0
 -285386772
 -542375179
 -747021096
 -877794571
 -923106144
 -878057527
 -746595636
 -542800639
 -285123816
          0
  285123816
  542800639
  746595636
  878057527
  923106144
  877794571
  747021096
  542375179
  285386772
          0
 -285386772
 -542375179
 -747021096
 -877794571
 -923106144
 -878057527
 -746595636
 -542800639
 -285123816
          0
  285123816
  542800639
  746595636
  878057527
  923106144
  877794571
  747021096
  542375179
  285386772
          0
 -285386772
 -542375179
 -747021096
 -877794571
 -923106144
 -878057527
 -746595636
 -542800639
 -285123816
          0
  285123816
  542800639
  746595636
  878057527
  923106144
  877794571
  747021096
  542375179
  285386772
          0
 -285386772
 -542375179
 -747021096
 -877794571
 -923106144
 -878057527
 -746595636
 -542800639
 -285123816
          0
  285123816
  542800639
  746595636
  878057527
  923106144
  877794571
  747021096
  542375179
  285386772
          0
 -285386772
 -542375179
          x
          x
          x
          x
