0
14693
-5952
28837
5952
16384
25212
-2327
25212
-4567
-0
4567
-25212
2327
-25212
-16384
-5952
-28837
5952
-14693
-0
14693
-5952
28837
5952
16384
25212
-2327
25212
-4567
-0
4567
-25212
2327
-25212
-16384
-5952
-28837
5952
-14693
-0
14693
-5952
28837
5952
16384
25212
-2327
25212
-4567
-0
4567
-25212
2327
-25212
-16384
-5952
-28837
5952
-14693
-0
14693
-5952
28837
5952
16384
25212
-2327
25212
-4567
-0
4567
-25212
2327
-25212
-16384
-5952
-28837
5952
-14693
-0
14693
-5952
28837
5952
16384
25212
-2327
25212
-4567
-0
4567
-25212
2327
-25212
-16384
-5952
-28837
5952
-14693
-0
14693
-5952
28837
5952
16384
25212
-2327
25212
-4567
-0
4567
-25212
2327
-25212
-16384
-5952
-28837
5952
-14693
-0
14693
-5952
28837
5952
16384
25212
-2327
25212
-4567
0
4567
-25212
2327
-25212
-16384
-5952
-28837
5952
-14693
-0
14693
-5952
28837
5952
16384
25212
-2327
25212
-4567
0
4567
-25212
2327
-25212
-16384
-5952
-28837
5952
-14693
-0
14693
-5952
28837
5952
16384
25212
-2327
25212
-4567
0
4567
-25212
2327
-25212
-16384
-5952
-28837
5952
-14693
-0
14693
-5952
28837
5952
16384
25212
-2327
25212
-4567
0
4567
-25212
2327
-25212
-16384
-5952
-28837
5952
-14693
-0
14693
-5952
28837
5952
16384
25212
-2327
25212
-4567
0
4567
-25212
2327
-25212
-16384
-5952
-28837
5952
-14693
-0
14693
-5952
28837
5952
16384
25212
-2327
25212
-4567
0
4567
-25212
2327
-25212
-16384
-5952
-28837
5952
-14693
-0
